---
OFF
---

Protocol  : SAMSUNG
                   Code      : 0xE0E040BF (32 Bits)
                                                   uint16_t rawData[203] = {4520, 4420,  612, 1630,  610, 1632,  612, 1628,  608, 520,  608, 518,  606, 520,  608, 518,  608, 518,  610, 1630,  614, 1626,  612, 1630,  612, 516,  610, 516,  612, 516,  610, 516,  610, 516,  608, 518,  608, 1632,  610, 518,  608, 520,  608, 518,  610, 518,  610, 518,  610, 516,  608, 1632,  610, 518,  610, 1628,  614, 1626,  612, 1630,  612, 1628,  612, 1628,  614, 1626,  614, 46640,  4526, 4416,  616, 1626,  614, 1628,  614, 1628,  612, 516,  610, 518,  610, 516,  612, 514,  612, 514,  614, 1626,  614, 1628,  616, 1626,  614, 514,  612, 516,  612, 514,  610, 516,  610, 516,  610, 518,  608, 1630,  614, 516,  610, 516,  610, 518,  610, 516,  610, 518,  610, 516,  608, 1630,  614, 514,  612, 1626,  612, 1630,  612, 1628,  616, 1628,  612, 1628,  612, 1628,  614, 46640,  4526, 4416,  620, 1624,  616, 1624,  618, 1626,  616, 510,  616, 510,  616, 510,  616, 512,  616, 510,  616, 1622,  618, 1622,  618, 1622,  618, 512,  614, 512,  616, 510,  616, 512,  616, 510,  616, 512,  614, 1624,  618, 510,  616, 512,  614, 510,  614, 514,  612, 516,  610, 516,  608, 1632,  584, 544,  608, 1630,  610, 1632,  610, 1630,  584, 1656,  612, 1630,  614, 1626,  614};  // SAMSUNG E0E040BF
                                                                           uint32_t address = 0x7;
                                                                                                  uint32_t command = 0x2;
  uint64_t data = 0xE0E040BF;

---
BACK ON
---

Timestamp : 000045.683
                      Library   : v2.7.9

Protocol  : SAMSUNG
                   Code      : 0xE0E040BF (32 Bits)
                                                   uint16_t rawData[135] = {4458, 4484,  550, 1692,  550, 1690,  550, 1692,  550, 576,  550, 576,  550, 576,  550, 576,  550, 576,  550, 1690,  550, 1692,  550, 1692,  550, 576,  550, 576,  550, 576,  550, 576,  550, 576,  550, 576,  552, 1690,  550, 576,  550, 578,  550, 576,  550, 576,  552, 576,  550, 576,  550, 1690,  552, 578,  548, 1690,  552, 1692,  550, 1690,  550, 1692,  550, 1692,  550, 1692,  550, 46702,  4460, 4482,  552, 1690,  550, 1692,  550, 1690,  550, 576,  550, 576,  550, 576,  550, 576,  550, 576,  550, 1692,  550, 1692,  550, 1690,  552, 576,  550, 578,  550, 576,  550, 576,  550, 576,  550, 578,  550, 1692,  550, 576,  550, 576,  550, 576,  550, 578,  550, 578,  548, 580,  546, 1692,  550, 578,  550, 1690,  550, 1690,  550, 1690,  550, 1692,  550, 1692,  550, 1692,  550};  // SAMSUNG E0E040BF
                                        uint32_t address = 0x7;
                                                               uint32_t command = 0x2;
                                                                                      uint64_t data = 0xE0E040BF;

---
Open Menu
---

Timestamp : 000130.364
                      Library   : v2.7.9

Protocol  : SAMSUNG
                   Code      : 0xE0E058A7 (32 Bits)
                                                   uint16_t rawData[135] = {4520, 4420,  614, 1628,  610, 1632,  614, 1626,  612, 518,  610, 516,  608, 518,  608, 518,  606, 520,  610, 1630,  608, 1632,  606, 1634,  608, 520,  606, 520,  606, 528,  598, 520,  610, 518,  612, 514,  610, 1630,  612, 516,  606, 1632,  610, 1632,  610, 520,  608, 518,  608, 518,  608, 1632,  612, 518,  606, 1632,  580, 548,  606, 520,  608, 1630,  610, 1630,  582, 1660,  582, 46696,  4490, 4452,  612, 1630,  580, 1662,  606, 1634,  610, 520,  578, 548,  578, 550,  606, 522,  578, 548,  580, 1658,  606, 1634,  604, 1638,  608, 522,  578, 548,  606, 520,  608, 518,  610, 518,  606, 522,  578, 1660,  612, 518,  608, 1632,  610, 1632,  582, 548,  576, 552,  578, 550,  606, 1632,  578, 550,  576, 1662,  580, 548,  578, 548,  608, 1632,  606, 1634,  606, 1634,  580};  // SAMSUNG E0E058A7
                                        uint32_t address = 0x7;
                                                               uint32_t command = 0x1A;
                                                                                       uint64_t data = 0xE0E058A7;

---
Menu (after menu is open)
---

Timestamp : 000147.319
                      Library   : v2.7.9

Protocol  : SAMSUNG
                   Code      : 0xE0E058A7 (32 Bits)
                                                   uint16_t rawData[67] = {4520, 4420,  580, 1662,  578, 1662,  578, 1664,  578, 552,  576, 550,  578, 550,  574, 552,  572, 554,  574, 1666,  576, 1664,  576, 1664,  574, 556,  544, 582,  570, 556,  544, 582,  544, 584,  542, 582,  544, 1694,  548, 580,  544, 1694,  548, 1694,  546, 582,  572, 556,  574, 552,  544, 1696,  546, 582,  570, 1668,  576, 554,  570, 556,  576, 1662,  580, 1662,  576, 1664,  580};  // SAMSUNG E0E058A7
                                                                                       uint32_t address = 0x7;
                                                                                                              uint32_t command = 0x1A;
   uint64_t data = 0xE0E058A7;

---
DOWN (X3)
---

Timestamp : 000241.828
                      Library   : v2.7.9

Protocol  : SAMSUNG
                   Code      : 0xE0E08679 (32 Bits)
                                                   uint16_t rawData[135] = {4516, 4426,  608, 1634,  608, 1634,  550, 1690,  552, 576,  550, 576,  552, 576,  552, 574,  552, 576,  552, 1690,  552, 1692,  550, 1688,  552, 576,  550, 576,  550, 576,  550, 578,  550, 576,  550, 1692,  552, 576,  550, 576,  550, 576,  550, 576,  550, 1690,  550, 1690,  550, 576,  550, 576,  550, 1690,  550, 1690,  550, 1692,  550, 1690,  550, 576,  552, 576,  550, 1690,  550, 46730,  4512, 4430,  550, 1690,  550, 1690,  550, 1690,  552, 576,  550, 578,  550, 578,  548, 578,  548, 578,  548, 1692,  550, 1692,  550, 1692,  550, 578,  548, 578,  550, 576,  550, 576,  550, 578,  550, 1690,  550, 578,  550, 578,  550, 578,  548, 578,  548, 1690,  552, 1690,  550, 578,  548, 580,  548, 1690,  550, 1692,  550, 1690,  584, 1658,  552, 576,  580, 548,  578, 1662,  550};  // SAMSUNG E0E08679
                                                                                       uint32_t address = 0x7;
                                                                                                              uint32_t command = 0x61;
   uint64_t data = 0xE0E08679;


Timestamp : 000242.661
                      Library   : v2.7.9

Protocol  : SAMSUNG
                   Code      : 0xE0E08679 (32 Bits)
                                                   uint16_t rawData[135] = {4510, 4430,  604, 1638,  604, 1640,  602, 1638,  604, 524,  600, 526,  602, 524,  550, 576,  550, 576,  550, 1690,  552, 1690,  552, 1690,  552, 576,  550, 578,  550, 576,  550, 578,  548, 578,  550, 1690,  550, 578,  548, 578,  548, 578,  550, 578,  548, 1690,  550, 1690,  550, 578,  550, 578,  548, 1692,  550, 1690,  550, 1692,  550, 1692,  550, 576,  550, 578,  548, 1692,  550, 46730,  4522, 4418,  616, 1626,  616, 1626,  614, 1626,  614, 516,  614, 514,  614, 514,  614, 512,  616, 512,  612, 1628,  614, 1626,  614, 1626,  616, 512,  610, 516,  612, 514,  582, 542,  582, 546,  580, 1658,  584, 544,  582, 546,  582, 544,  582, 544,  584, 1656,  584, 1658,  584, 544,  584, 544,  582, 1658,  582, 1660,  584, 1656,  584, 1658,  582, 546,  580, 546,  550, 1690,  550};  // SAMSUNG E0E08679
                                                                                       uint32_t address = 0x7;
                                                                                                              uint32_t command = 0x61;
   uint64_t data = 0xE0E08679;


Timestamp : 000243.495
                      Library   : v2.7.9

Protocol  : SAMSUNG
                   Code      : 0xE0E08679 (32 Bits)
                                                   uint16_t rawData[135] = {4512, 4428,  606, 1638,  604, 1638,  600, 1642,  602, 526,  550, 576,  550, 578,  548, 578,  550, 576,  550, 1690,  550, 1692,  548, 1692,  550, 578,  550, 578,  548, 578,  550, 578,  550, 578,  548, 1690,  550, 578,  548, 578,  548, 578,  548, 578,  550, 1690,  550, 1692,  550, 578,  578, 548,  580, 1660,  582, 1658,  586, 1656,  612, 1628,  616, 512,  612, 516,  614, 1626,  618, 46662,  4528, 4414,  620, 1622,  618, 1624,  618, 1624,  618, 512,  616, 510,  616, 512,  616, 512,  614, 510,  618, 1622,  618, 1622,  618, 1624,  616, 510,  616, 512,  616, 512,  616, 510,  616, 512,  616, 1624,  618, 512,  614, 510,  616, 512,  614, 512,  616, 1624,  616, 1626,  616, 512,  616, 512,  616, 1624,  618, 1624,  618, 1622,  620, 1622,  618, 512,  616, 510,  616, 1624,  618};  // SAMSUNG E0E08679
                                                                                       uint32_t address = 0x7;
                                                                                                              uint32_t command = 0x61;
   uint64_t data = 0xE0E08679;

---
UP (X3)
---

Timestamp : 000286.732
                      Library   : v2.7.9

Protocol  : SAMSUNG
                   Code      : 0xE0E006F9 (32 Bits)
                                                   uint16_t rawData[67] = {4458, 4482,  552, 1692,  582, 1658,  586, 1656,  614, 514,  614, 514,  616, 512,  616, 512,  612, 512,  580, 1658,  618, 1624,  618, 1624,  616, 512,  616, 510,  616, 512,  614, 512,  616, 512,  616, 510,  616, 512,  614, 512,  614, 512,  616, 512,  614, 1624,  618, 1624,  618, 512,  614, 1624,  618, 1624,  618, 1624,  616, 1624,  618, 1624,  618, 510,  616, 512,  612, 1626,  616};  // SAMSUNG E0E006F9
                                                                                       uint32_t address = 0x7;
                                                                                                              uint32_t command = 0x60;
   uint64_t data = 0xE0E006F9;


Timestamp : 000288.107
                      Library   : v2.7.9

Protocol  : SAMSUNG
                   Code      : 0xE0E006F9 (32 Bits)
                                                   uint16_t rawData[67] = {4460, 4482,  552, 1690,  550, 1692,  550, 1690,  550, 578,  548, 576,  550, 578,  548, 578,  550, 576,  550, 1692,  550, 1692,  550, 1692,  550, 578,  550, 578,  548, 578,  548, 578,  548, 578,  548, 578,  548, 580,  548, 578,  550, 576,  550, 576,  550, 1690,  550, 1690,  550, 578,  550, 1690,  550, 1690,  552, 1690,  552, 1690,  552, 1690,  550, 578,  550, 578,  548, 1692,  550};  // SAMSUNG E0E006F9
                                                                                       uint32_t address = 0x7;
                                                                                                              uint32_t command = 0x60;
   uint64_t data = 0xE0E006F9;


Timestamp : 000288.823
                      Library   : v2.7.9

Protocol  : SAMSUNG
                   Code      : 0xE0E006F9 (32 Bits)
                                                   uint16_t rawData[67] = {4516, 4424,  606, 1636,  602, 1638,  550, 1690,  550, 576,  550, 578,  548, 578,  550, 578,  550, 578,  550, 1692,  550, 1692,  548, 1692,  550, 578,  550, 578,  548, 578,  548, 578,  548, 578,  550, 578,  550, 576,  550, 578,  548, 580,  548, 578,  548, 1692,  580, 1660,  584, 546,  582, 1656,  586, 1656,  612, 1628,  612, 1628,  612, 1630,  616, 514,  612, 514,  614, 1624,  616};  // SAMSUNG E0E006F9
                                                                                       uint32_t address = 0x7;
                                                                                                              uint32_t command = 0x60;
   uint64_t data = 0xE0E006F9;

---
Right
---

Timestamp : 000328.015
                      Library   : v2.7.9

Protocol  : SAMSUNG
                   Code      : 0xE0E046B9 (32 Bits)
                                                   uint16_t rawData[135] = {4526, 4416,  614, 1630,  612, 1630,  612, 1628,  610, 520,  608, 518,  610, 518,  610, 516,  610, 516,  610, 1630,  614, 1626,  616, 1626,  614, 514,  612, 514,  612, 516,  610, 516,  610, 516,  610, 518,  608, 1630,  610, 518,  608, 518,  608, 518,  608, 1630,  612, 1630,  612, 516,  610, 1630,  612, 518,  608, 1630,  612, 1628,  614, 1630,  612, 516,  610, 518,  610, 1630,  612, 46678,  4526, 4414,  620, 1624,  618, 1624,  618, 1622,  618, 512,  616, 510,  616, 512,  614, 512,  614, 512,  616, 1624,  616, 1624,  618, 1624,  616, 512,  614, 512,  616, 512,  614, 512,  616, 512,  616, 512,  616, 1622,  618, 510,  616, 510,  616, 510,  616, 1624,  616, 1624,  618, 512,  616, 1622,  618, 512,  616, 1622,  620, 1622,  618, 1624,  618, 510,  616, 512,  616, 1622,  620};  // SAMSUNG E0E046B9
                                                                                       uint32_t address = 0x7;
                                                                                                              uint32_t command = 0x62;
   uint64_t data = 0xE0E046B9;


Timestamp : 000329.088
                      Library   : v2.7.9

Protocol  : SAMSUNG
                   Code      : 0xE0E046B9 (32 Bits)
                                                   uint16_t rawData[135] = {4492, 4450,  612, 1630,  614, 1628,  616, 1626,  616, 512,  614, 512,  614, 512,  614, 512,  616, 512,  614, 1624,  618, 1626,  616, 1624,  618, 512,  616, 512,  614, 512,  616, 510,  616, 510,  616, 510,  616, 1622,  618, 512,  614, 512,  616, 510,  616, 1624,  618, 1624,  618, 512,  616, 1624,  618, 510,  616, 1624,  618, 1624,  616, 1624,  618, 512,  614, 512,  616, 1622,  618, 46674,  4528, 4414,  618, 1624,  616, 1624,  616, 1626,  614, 514,  614, 514,  612, 516,  614, 514,  612, 514,  612, 1628,  612, 1628,  612, 1630,  612, 516,  582, 546,  582, 546,  580, 548,  578, 546,  582, 546,  580, 1660,  582, 546,  582, 546,  580, 546,  582, 1656,  586, 1656,  584, 544,  608, 1630,  588, 542,  584, 1656,  612, 1630,  612, 1630,  592, 536,  588, 538,  584, 1656,  612};  // SAMSUNG E0E046B9
                                                                                       uint32_t address = 0x7;
                                                                                                              uint32_t command = 0x62;
   uint64_t data = 0xE0E046B9;


Timestamp : 000329.723
                      Library   : v2.7.9

Protocol  : SAMSUNG
                   Code      : 0xE0E046B9 (32 Bits)
                                                   uint16_t rawData[67] = {4458, 4482,  552, 1692,  550, 1692,  550, 1690,  550, 578,  550, 578,  550, 576,  550, 578,  548, 578,  548, 1692,  550, 1692,  550, 1690,  552, 578,  550, 576,  548, 578,  548, 578,  550, 578,  548, 578,  548, 1692,  548, 578,  550, 578,  550, 578,  548, 1692,  550, 1690,  550, 578,  548, 1692,  548, 578,  550, 1690,  550, 1692,  550, 1692,  550, 578,  548, 580,  548, 1690,  550};  // SAMSUNG E0E046B9
                                                                                       uint32_t address = 0x7;
                                                                                                              uint32_t command = 0x62;
   uint64_t data = 0xE0E046B9;

---
Left
---

Timestamp : 000356.568
                      Library   : v2.7.9

Protocol  : SAMSUNG
                   Code      : 0xE0E0A659 (32 Bits)
                                                   uint16_t rawData[135] = {4460, 4484,  606, 1636,  604, 1638,  604, 1636,  608, 520,  606, 520,  606, 522,  604, 522,  606, 522,  606, 1636,  606, 1634,  606, 1636,  606, 520,  604, 522,  604, 522,  604, 524,  602, 524,  550, 1690,  600, 528,  550, 1690,  550, 578,  550, 578,  550, 1690,  552, 1690,  550, 578,  550, 578,  550, 1690,  552, 576,  550, 1690,  550, 1692,  550, 578,  548, 578,  550, 1690,  550, 46704,  4526, 4416,  618, 1624,  616, 1624,  616, 1624,  618, 510,  616, 512,  616, 512,  614, 510,  616, 512,  614, 1624,  616, 1624,  616, 1624,  616, 512,  614, 514,  614, 512,  614, 512,  614, 514,  614, 1624,  618, 512,  614, 1624,  618, 512,  614, 512,  614, 1624,  618, 1624,  616, 514,  614, 512,  616, 1624,  618, 510,  614, 1626,  612, 1630,  614, 514,  612, 514,  582, 1658,  584};  // SAMSUNG E0E0A659
                                                                                       uint32_t address = 0x7;
                                                                                                              uint32_t command = 0x65;
   uint64_t data = 0xE0E0A659;


Timestamp : 000357.342
                      Library   : v2.7.9

Protocol  : SAMSUNG
                   Code      : 0xE0E0A659 (32 Bits)
                                                   uint16_t rawData[67] = {4460, 4480,  552, 1692,  548, 1690,  552, 1690,  550, 578,  550, 576,  550, 576,  550, 576,  550, 576,  550, 1692,  550, 1690,  552, 1690,  552, 576,  550, 578,  550, 578,  548, 576,  550, 578,  550, 1690,  550, 578,  550, 1694,  548, 576,  550, 576,  550, 1690,  550, 1692,  604, 524,  548, 578,  550, 1690,  606, 522,  606, 1634,  606, 1636,  550, 574,  552, 576,  606, 1636,  604};  // SAMSUNG E0E0A659
                                                                                       uint32_t address = 0x7;
                                                                                                              uint32_t command = 0x65;
   uint64_t data = 0xE0E0A659;


Timestamp : 000358.090
                      Library   : v2.7.9

Protocol  : SAMSUNG
                   Code      : 0xE0E0A659 (32 Bits)
                                                   uint16_t rawData[135] = {4460, 4482,  552, 1690,  552, 1690,  552, 1688,  552, 576,  550, 576,  550, 578,  550, 576,  550, 576,  550, 1690,  550, 1692,  550, 1692,  550, 578,  550, 576,  550, 576,  550, 578,  550, 576,  550, 1690,  550, 576,  550, 1690,  550, 576,  552, 576,  550, 1690,  552, 1690,  552, 574,  552, 574,  552, 1690,  550, 576,  552, 1692,  550, 1692,  552, 576,  550, 578,  548, 1692,  550, 46702,  4460, 4482,  552, 1690,  550, 1692,  550, 1692,  548, 578,  550, 576,  550, 576,  550, 578,  550, 576,  550, 1690,  550, 1652,  590, 1690,  550, 578,  550, 578,  550, 576,  550, 576,  552, 574,  552, 1690,  552, 576,  550, 1690,  550, 576,  550, 576,  550, 1690,  552, 1692,  550, 576,  552, 576,  550, 1690,  550, 576,  550, 1692,  550, 1692,  550, 576,  550, 578,  550, 1690,  550};  // SAMSUNG E0E0A659
                                                                                       uint32_t address = 0x7;
                                                                                                              uint32_t command = 0x65;
   uint64_t data = 0xE0E0A659;

---
Exit
---

Timestamp : 000382.968
                      Library   : v2.7.9

Protocol  : SAMSUNG
                   Code      : 0xE0E0B44B (32 Bits)
                                                   uint16_t rawData[135] = {4462, 4482,  550, 1692,  544, 1698,  546, 1696,  522, 606,  498, 630,  496, 632,  576, 548,  496, 630,  582, 1658,  610, 1630,  622, 1620,  580, 546,  650, 478,  608, 516,  550, 576,  550, 576,  524, 1716,  550, 576,  554, 1686,  552, 1690,  552, 574,  526, 1714,  552, 576,  526, 602,  546, 582,  498, 1742,  544, 584,  498, 630,  496, 1744,  498, 630,  498, 1742,  500, 1744,  498, 46780,  4434, 4506,  550, 1692,  576, 1664,  610, 1634,  586, 542,  548, 578,  552, 578,  524, 602,  526, 600,  546, 1694,  550, 1692,  550, 1690,  550, 578,  548, 580,  494, 632,  496, 632,  498, 628,  542, 1698,  500, 628,  574, 1666,  574, 1666,  500, 628,  574, 1666,  576, 548,  584, 544,  584, 542,  588, 1654,  618, 508,  586, 540,  524, 1716,  576, 550,  526, 1716,  550, 1692,  550};  // SAMSUNG E0E0B44B
                                                                                       uint32_t address = 0x7;
                                                                                                              uint32_t command = 0x2D;
   uint64_t data = 0xE0E0B44B;


Timestamp : 000385.885
                      Library   : v2.7.9

Protocol  : SAMSUNG
                   Code      : 0xE0E0B44B (32 Bits)
                                                   uint16_t rawData[135] = {4516, 4424,  606, 1636,  608, 1634,  608, 1634,  608, 518,  606, 522,  606, 520,  606, 522,  550, 576,  606, 1638,  606, 1636,  606, 1634,  608, 518,  606, 524,  548, 576,  604, 522,  550, 578,  548, 1690,  550, 576,  550, 1690,  550, 1692,  550, 576,  550, 1690,  552, 576,  550, 576,  550, 576,  552, 1690,  552, 576,  550, 576,  550, 1690,  552, 576,  550, 1690,  552, 1690,  552, 46728,  4460, 4484,  552, 1692,  550, 1690,  550, 1692,  548, 576,  550, 576,  550, 576,  550, 576,  554, 572,  550, 1692,  550, 1690,  550, 1692,  550, 576,  550, 574,  552, 576,  552, 574,  552, 576,  550, 1690,  552, 576,  550, 1690,  550, 1690,  550, 578,  550, 1690,  552, 576,  550, 576,  550, 578,  548, 1692,  550, 576,  550, 578,  548, 1692,  550, 576,  550, 1690,  552, 1690,  550};  // SAMSUNG E0E0B44B
                                                                                       uint32_t address = 0x7;
                                                                                                              uint32_t command = 0x2D;
   uint64_t data = 0xE0E0B44B;


Timestamp : 000386.769
                      Library   : v2.7.9

Protocol  : SAMSUNG
                   Code      : 0xE0E0B44B (32 Bits)
                                                   uint16_t rawData[135] = {4458, 4482,  578, 1666,  550, 1690,  552, 1690,  556, 572,  550, 576,  550, 576,  552, 576,  550, 576,  550, 1690,  552, 1688,  552, 1690,  550, 578,  548, 578,  550, 578,  550, 578,  548, 578,  550, 1690,  550, 578,  548, 1610,  632, 1692,  550, 578,  548, 1690,  550, 578,  548, 578,  550, 576,  550, 1692,  548, 578,  550, 578,  550, 1690,  552, 576,  550, 1692,  550, 1690,  550, 46730,  4458, 4482,  552, 1692,  548, 1692,  548, 1692,  550, 578,  548, 578,  548, 578,  548, 576,  550, 578,  550, 1690,  550, 1692,  550, 1692,  550, 578,  550, 576,  550, 576,  550, 576,  550, 576,  550, 1690,  550, 576,  550, 1690,  552, 1690,  550, 576,  550, 1692,  550, 578,  550, 578,  550, 576,  550, 1692,  550, 576,  550, 578,  550, 1690,  550, 578,  548, 1692,  550, 1692,  550};  // SAMSUNG E0E0B44B
                                                                                       uint32_t address = 0x7;
                                                                                                              uint32_t command = 0x2D;
   uint64_t data = 0xE0E0B44B;

---
Enter
---

Timestamp : 000426.257
                      Library   : v2.7.9

Protocol  : SAMSUNG
                   Code      : 0xE0E016E9 (32 Bits)
                                                   uint16_t rawData[135] = {4460, 4484,  550, 1692,  606, 1636,  602, 1638,  604, 522,  550, 576,  550, 576,  604, 522,  606, 520,  550, 1690,  608, 1634,  550, 1688,  552, 576,  550, 574,  552, 576,  608, 518,  606, 520,  606, 522,  550, 578,  550, 576,  604, 1638,  550, 576,  550, 1692,  550, 1690,  552, 576,  548, 1692,  550, 1692,  604, 1636,  610, 518,  604, 1636,  548, 576,  550, 578,  602, 1638,  606, 46644,  4516, 4428,  606, 1636,  608, 1634,  604, 1636,  608, 520,  608, 520,  604, 522,  604, 524,  606, 522,  606, 1634,  608, 1634,  606, 1634,  606, 522,  602, 522,  608, 518,  608, 520,  608, 518,  606, 520,  606, 520,  606, 522,  606, 1636,  606, 520,  604, 1636,  606, 1636,  604, 522,  548, 1692,  606, 1636,  550, 1692,  606, 522,  548, 1692,  550, 576,  550, 578,  550, 1692,  550};  // SAMSUNG E0E016E9
                                                                                       uint32_t address = 0x7;
                                                                                                              uint32_t command = 0x68;
   uint64_t data = 0xE0E016E9;


Timestamp : 000426.988
                      Library   : v2.7.9

Protocol  : SAMSUNG
                   Code      : 0xE0E016E9 (32 Bits)
                                                   uint16_t rawData[67] = {4458, 4482,  608, 1634,  552, 1692,  550, 1690,  550, 576,  550, 576,  550, 576,  552, 576,  550, 576,  552, 1690,  550, 1690,  552, 1688,  608, 520,  550, 576,  550, 576,  550, 578,  550, 578,  550, 578,  548, 576,  550, 578,  550, 1692,  604, 522,  606, 1638,  548, 1690,  606, 522,  604, 1636,  550, 1690,  552, 1690,  604, 522,  604, 1634,  608, 520,  550, 576,  606, 1636,  604};  // SAMSUNG E0E016E9
                                                                                       uint32_t address = 0x7;
                                                                                                              uint32_t command = 0x68;
   uint64_t data = 0xE0E016E9;


Timestamp : 000427.580
                      Library   : v2.7.9

Protocol  : SAMSUNG
                   Code      : 0xE0E016E9 (32 Bits)
                                                   uint16_t rawData[67] = {4458, 4484,  550, 1690,  550, 1692,  550, 1692,  550, 576,  550, 576,  550, 578,  548, 578,  550, 576,  552, 1688,  552, 1690,  552, 1690,  550, 574,  552, 576,  550, 576,  550, 576,  552, 576,  550, 576,  550, 576,  550, 578,  550, 1690,  552, 576,  550, 1692,  550, 1692,  550, 576,  552, 1692,  548, 1692,  550, 1692,  550, 576,  550, 1692,  548, 578,  548, 578,  550, 1692,  550};  // SAMSUNG E0E016E9
                                                                                       uint32_t address = 0x7;
                                                                                                              uint32_t command = 0x68;
   uint64_t data = 0xE0E016E9;


